% Given data in the assignment
% Just run the matlab-file to load the to another script

% Covariance
si = [4.01 -1.19 0.60 0.74 -0.21;
     0 1.12 0.21 0.54 0.55;
     0 0 -3.04 0.77 0.29;
     0 0 0 -3.74 -1.04 
     0 0 0 0 3.8];

% Average return
r = [13.0, 5.3, 10.5, 5.0, 12.6];